id,question,generated_answer,reference_answer
7a17050904b4987975dc24bd4f20c59bc15399a1141a232d41c2beb82c1cdda63d476c45b594e0782db9f52bd07066f84099d4f112a1882fb19abab0b99d0dc8,Πώς κατοχυρώνονται νομικά το απόρρητο της εξομολόγησης και το δικαίωμα του κληρικού να αρνηθεί μαρτυρία ενώπιον των αρχών;,"Η νομική προστασία του απορρήτου της εξομολόγησης και του δικαιώματος του κληρικού να αρνηθεί μαρτυρία ποικίλλει ανά χώρα, αλλά γενικά περιλαμβάνει τα εξής στοιχεία:

- Συνταγματική και/ή νομοθετική προστασία: Σε πολλά κράτη το απόρρητο της θρησκευτικής επικοινωνίας αναγνωρίζεται από το Σύνταγμα (π.χ. ελευθερία θρησκείας) ή ειδικούς νόμους που προβλέπουν το απόρρητο των εκκλησιαστικών επικοινωνιών και την εξαίρεση του κληρικού από την υποχρέωση παροχής πληροφοριών ή μαρτυρίας για όσα του εκμυστηρεύθηκε κατά την εξομολόγηση.

- Επαγγελματικό απόρρητο / απόρρητο επικοινωνίας: Όπως το ιατρικό ή δικηγορικό απόρρητο, έτσι και το εκκλησιαστικό απόρρητο μπορεί να κατοχυρώνεται νομοθετικά, αποτρέποντας την αποκάλυψη χωρίς τη συναίνεση του πιστού ή χωρίς δικαστική άρση σε αυστηρά οριζόμενες περιπτώσεις.

- Δικαίωμα άρνησης μαρτυρίας (privilege): Σε πολλά συστήματα δικαίου οι κληρικοί έχουν «εκκλησιαστικό προνόμιο» που τους επιτρέπει να αρνηθούν να καταθέσουν για δηλώσεις που έγιναν σε σχέση με την εξομολόγηση. Το εύρος του προνομίου διαφέρει (π.χ. καλύπτει μόνο στοιχεία που αποκτήθηκαν εντός εξομολογητικού πλαισίου, ή και γενικότερες επικοινωνίες).

- Περιορισμοί και εξαιρέσεις: Σε ορισμένες δικαιοδοσίες το απόρρητο μπορεί να υπερκεραστεί σε εξαιρετικές περιπτώσεις (π.χ. δημόσια ασφάλεια, σοβαρά εγκλήματα, προστασία ανηλίκων), συνήθως μετά από δικαστική εντολή ή βάσει ειδικών νόμων υποχρεωτικής αναφοράς κακοποίησης.

- Πειθαρχικές/εκκλησιαστικές συνέπειες: Η παράβαση του απορρήτου μπορεί να επισύρει εκκλησιαστικές ποινές ανεξάρτητα από πολιτικές συνέπειες.

Συμπέρασμα: Η προστασία βασίζεται κυρίως σε συνταγματικές αρχές και ειδικούς νόμους περί απορρήτου και προνομίου μαρτυρίας, αλλά το εύρος και οι εξαιρέσεις καθορίζονται από την εθνική νομοθεσία και τη σχετική νομολογία. Για συγκεκριμένη εφαρμογή σε μία χώρα/περίπτωση απαιτείται έλεγχος της τοπικής νομοθεσίας και πρακτικής.","Ελλείψει άλλης αναφοράς, ισχύει το ελληνικό δίκαιο (τρέχον έτος).

- Σύνταγμα: Άρθρο 13 κατοχυρώνει την ελευθερία της θρησκευτικής συνείδησης και λατρείας, από την οποία απορρέει και η προστασία του απορρήτου της εξομολόγησης.
- ΕΣΔΑ: Άρθρο 9 (θρησκευτική ελευθερία) ενισχύει την προστασία αυτή.
- Κώδικας Ποινικής Δικονομίας: Άρθρο 212 απαγορεύει την εξέταση ιερέων/κληρικών (κάθε γνωστής θρησκείας) ως μαρτύρων για όσα έμαθαν λόγω εξομολόγησης ή ποιμαντικής διακονίας· συνεπώς έχουν δικαίωμα να αρνηθούν κατάθεση επ’ αυτών.
- Κώδικας Πολιτικής Δικονομίας: Ρητή πρόβλεψη δικαιώματος άρνησης μαρτυρίας για όσους δεσμεύονται από επαγγελματικό/θρησκευτικό απόρρητο (καλύπτει και κληρικούς).
- Ποινικός Κώδικας: Άρθρο 371 (παραβίαση επαγγελματικού απορρήτου) τιμωρεί την αποκάλυψη απορρήτων που εμπιστεύθηκαν λόγω ιδιότητας – καταλαμβάνει και το ιερατικό/εξομολογητικό απόρρητο.
- Εκκλησιαστικό δίκαιο: Ο Καταστατικός Χάρτης της Εκκλησίας της Ελλάδος (Ν. 590/1977) και οι ιερoί κανόνες επιβάλλουν απόλυτο πειθαρχικό καθήκον τήρησης του απορρήτου της εξομολόγησης.

Συνοπτικά: ο κληρικός δεν μπορεί να εξαναγκαστεί να καταθέσει για όσα γνωρίζει από την εξομολόγηση, και η αποκάλυψή τους επιφέρει ποινικές και πειθαρχικές συνέπειες."
