id,generated_answer,correct_answer
1754,"Η σωστή απάντηση είναι η Β: ""βαμμένος""

Η μετοχή του ενεστώτα του ρήματος ""βάφω"" σε αρσενικό γένος και ονομαστική πτώση είναι ""βαμμένος"".",Β
