id,generated_answer,correct_answer
478,"Η σωστή απάντηση είναι η **Δ. ""Περιορίστηκαν οι αρμοδιότητες του Προέδρου της Δημοκρατίας""**.

Με την αναθεώρηση του Συντάγματος το 1986, υπήρξε περιορισμός των προεδρικών εξουσιών, ενισχύοντας έτσι τον κοινοβουλευτικό χαρακτήρα του πολιτεύματος.",Δ
