id,generated_answer,correct_answer
1537,Δ,Δ
