id,generated_answer,correct_answer
2300,Γ,Γ
