id,generated_answer,correct_answer
2527,Α,Α
