id,generated_answer,correct_answer
2819,Γ,Γ
