id,generated_answer,correct_answer
3644,Α,Α
