id,question,generated_answer,reference_answer,bertscore_f1,bertscore_precision,bertscore_recall
0adf2fe03e558013b9d8829820aebb2862cc628483801ff4cb8caba158c7837ad79ebde0dc3e252df230a0cce9e4b5f969dcf53f4bd9fd33d8bb04f9a4aece38,Ποιες είναι οι κύριες διατάξεις του Νέου Οικοδομικού Κανονισμού (ΝΟΚ) και του ΚΕΝΑΚ σχετικά με την προσβασιμότητα και την ενεργειακή απόδοση των κτιρίων;,"Οι κύριες διατάξεις του Νέου Οικοδομικού Κανονισμού (ΝΟΚ - Ν.4067/2012) και του Κανονισμού Ενεργειακής Απόδοσης Κτιρίων (ΚΕΝΑΚ) συνοψίζονται στα εξής:

### 1. Προσβασιμότητα (ΝΟΚ - Άρθρο 26)
Ο ΝΟΚ επιβάλλει την εξασφάλιση της αυτόνομης και ασφαλούς κίνησης ατόμων με αναπηρία (ΑμεΑ) ή εμποδιζόμενων ατόμων:
*   **Υποχρεωτικότητα:** Σε όλα τα νέα κτίρια (εκτός μονοκατοικιών) και σε υφιστάμενα που ανακαινίζονται ριζικά, η πρόσβαση πρέπει να είναι εξασφαλισμένη σε όλους τους εξωτερικούς και εσωτερικούς κοινόχρηστους χώρους.
*   **Προδιαγραφές:** Επιβάλλεται η κατασκευή ραμπών (κλίση έως 5%), ανελκυστήρων συγκεκριμένων διαστάσεων, θυρών ελάχιστου πλάτους 0,90μ. και ειδικών χώρων υγιεινής.
*   **Κίνητρα:** Χώροι που προορίζονται αποκλειστικά για την εξυπηρέτηση της προσβασιμότητας (π.χ. ανελκυστήρες, ράμπες) δεν προσμετρώνται στον συντελεστή δόμησης.

### 2. Ενεργειακή Απόδοση (ΚΕΝΑΚ)
Ο ΚΕΝΑΚ καθορίζει το πλαίσιο για τη μείωση της κατανάλωσης ενέργειας και των εκπομπών CO2:
*   **Μελέτη Ενεργειακής Απόδοσης (ΜΕΑ):** Απαραίτητη για την έκδοση οικοδομικής άδειας. Το κτίριο πρέπει να πληροί τις προδιαγραφές του «κτιρίου αναφοράς» (Κατηγορία Β+ ή ανώτερη για νέα κτίρια).
*   **Ελάχιστες Απαιτήσεις:**
    *   **Θερμομόνωση:** Καθορισμός μέγιστων επιτρεπόμενων συντελεστών θερμοπερατότητας (U) για το κέλυφος (τοίχοι, δώματα, κουφώματα).
    *   **Η/Μ Εγκαταστάσεις:** Προδιαγραφές απόδοσης για συστήματα θέρμανσης, ψύξης, αερισμού και φωτισμού.
    *   **ΑΠΕ:** Υποχρεωτική κάλυψη μέρους των αναγκών σε ζεστό νερό χρήσης από ηλιακά συστήματα (τουλάχιστον 60%).
*   **Πιστοποιητικό Ενεργειακής Απόδοσης (ΠΕΑ):** Υποχρεωτική έκδοση για κάθε πώληση ή μίσθωση, που κατατάσσει το κτίριο σε ενεργειακή κλίμακα (Α+ έως Η).

### 3. Συνδυαστικά Κίνητρα (ΝΟΚ)
Ο ΝΟΚ παρέχει **μπόνους δόμησης** (αύξηση συντελεστή ή ύψους) σε κτίρια που επιτυγχάνουν εξαιρετικά υψηλή ενεργειακή απόδοση (π.χ. κτίρια σχεδόν μηδενικής κατανάλωσης - nZEB) ή ενσωματώνουν φυτεμένα δώματα.","ΝΟΚ – Προσβασιμότητα (κύριες διατάξεις)
- Καθολικός σχεδιασμός: νέα κτίρια και κτίρια με ριζική ανακαίνιση/αλλαγή χρήσης οφείλουν να είναι πλήρως προσβάσιμα σε ΑμεΑ και εμποδιζόμενα άτομα.
- Συνεχής προσβάσιμη διαδρομή από το όριο του οικοπέδου/στάθμευση έως την κύρια είσοδο και όλους τους κοινόχρηστους/βασικούς χώρους (συμπεριλαμβανομένων των WC).
- Ράμπες, ανελκυστήρες ή αναβατόρια όπου υπάρχουν υψομετρικές διαφορές, με τεχνικές προδιαγραφές βάσει των ισχυουσών οδηγιών/προτύπων.
- Ελάχιστες προβλέψεις: πλάτη θυρών/διαδρόμων που επιτρέπουν αμαξίδιο, χώροι ελιγμών, τουλάχιστον ένα προσβάσιμο WC ανά λειτουργική ενότητα, θέσεις στάθμευσης ΑμεΑ, κατάλληλη σήμανση.
- Δημόσια κτίρια και χώροι συνάθροισης: πλήρης προσβασιμότητα σε όλες τις προσφερόμενες υπηρεσίες/χώρους.
- Υφιστάμενα κτίρια: παρεμβάσεις προσβασιμότητας (ράμπες, πλατφόρμες, ανελκυστήρες κ.λπ.) επιτρέπονται με ευνοϊκούς όρους δόμησης (κατά κανόνα δεν προσμετρώνται σε ΣΔ/κάλυψη/ύψος εντός ορίων).

ΝΟΚ – Διευκολύνσεις για ενεργειακή απόδοση
- Υποχρέωση σύνταξης Μελέτης Ενεργειακής Απόδοσης και συμμόρφωσης με ΚΕΝΑΚ σε νέες άδειες και ριζικές ανακαινίσεις.
- Ευνοϊκές ρυθμίσεις για μέτρα ενεργειακής αναβάθμισης: εξωτερική θερμομόνωση, σκίαστρα, φυτεμένα δώματα/στεγές, ηλιοθερμικά/φωτοβολταϊκά, με ειδικές εξαιρέσεις από ΣΔ/κάλυψη/προεξοχές εντός καθορισμένων ορίων.
- Προώθηση βιοκλιματικού σχεδιασμού (ηλιοπροστασία, φυσικός φωτισμός/αερισμός, κατάλληλος προσανατολισμός) μέσω μορφολογικών διατάξεων.

ΚΕΝΑΚ – Ενεργειακή απόδοση (κύριες διατάξεις)
- Ελάχιστες απαιτήσεις κελύφους ανά κλιματική ζώνη (θερμομονωτική επάρκεια, περιορισμός θερμογεφυρών, ηλιοπροστασία, αεροστεγανότητα).
- Ελάχιστες απαιτήσεις Η/Μ συστημάτων: αποδόσεις θέρμανσης/ψύξης/ΖΝΧ/αερισμού, αυτοματισμοί και έλεγχοι, ζωνοποίηση, αποδοτικός φωτισμός σε μη κατοικίες.
- ΑΠΕ: υποχρεωτική σημαντική συμμετοχή, ιδίως κάλυψη ≥60% των αναγκών σε ζεστό νερό χρήσης σε νέα κτίρια και ριζικές ανακαινίσεις (μέσω ηλιοθερμικών, αντλιών θερμότητας, βιομάζας ή ισοδύναμων λύσεων).
- Νέα κτίρια ως σχεδόν μηδενικής ενεργειακής κατανάλωσης (nZEB): πολύ χαμηλή κατανάλωση πρωτογενούς ενέργειας και υψηλή συμμετοχή ΑΠΕ (δημόσια από 2019, όλα τα νέα από 2021).
- Μεθοδολογία και τεχνικές παράμετροι μέσω ΤΟΤΕΕ 20701-1/2/3/4.
- Πιστοποιητικό Ενεργειακής Απόδοσης (ΠΕΑ) υποχρεωτικό για νέα κτίρια, πωλήσεις/μισθώσεις και μετά από ριζικές ανακαινίσεις· κατάταξη από Α+ έως Η.
- Τακτικές επιθεωρήσεις συστημάτων θέρμανσης/κλιματισμού άνω συγκεκριμένων ορίων ισχύος.

Σημείωση: Ο ΚΕΝΑΚ δεν ρυθμίζει προσβασιμότητα· αυτή καλύπτεται από τον ΝΟΚ και τις συναφείς υπουργικές αποφάσεις/οδηγίες. Οι ακριβείς τεχνικές τιμές (π.χ. διαστάσεις ραμπών, συντελεστές θερμοπερατότητας) καθορίζονται στις επιμέρους αποφάσεις και ΤΟΤΕΕ.
",0.7435944676399231,0.7354729771614075,0.751897394657135
