id,question,generated_answer,reference_answer,bertscore_f1,bertscore_precision,bertscore_recall
c3c80e49d075319cbbb76d8a1021c3ec7207e005ac647881c78e14acfd93867be64f8893ba67278a7be037d1dd67db2a81a283ff75d26002246fff75f22533dd,Ποιά είναι η διατύπωση της συνθήκης μεγιστοποίησης κέρδους στη βραχυχρόνια περίοδο για επιχείρηση σε τέλειο ανταγωνισμό και το κριτήριο συνέχισης λειτουργίας (σχέση τιμής με AVC);,"Στη βραχυχρόνια περίοδο, για μια επιχείρηση σε συνθήκες τέλειου ανταγωνισμού ισχύουν τα εξής:

1.  **Συνθήκη μεγιστοποίησης κέρδους:** Η επιχείρηση μεγιστοποιεί το κέρδος της (ή ελαχιστοποιεί τη ζημιά της) όταν παράγει την ποσότητα εκείνη όπου η τιμή (P) είναι ίση με το οριακό κόστος (MC), δηλαδή:
    **$P = MC$**
    *(με την προϋπόθεση ότι το MC είναι ανερχόμενο)*.

2.  **Κριτήριο συνέχισης λειτουργίας:** Η επιχείρηση συνεχίζει να λειτουργεί όσο η τιμή είναι ίση ή μεγαλύτερη από το μέσο μεταβλητό κόστος (AVC), δηλαδή:
    **$P \geq AVC$**
    *   Αν **$P < AVC$**, η επιχείρηση διακόπτει τη λειτουργία της για να ελαχιστοποιήσει τη ζημιά της (η οποία περιορίζεται μόνο στα σταθερά έξοδα).
    *   Το σημείο όπου **$P = minAVC$** ονομάζεται σημείο λουκέτου (shutdown point).","- Σε τέλειο ανταγωνισμό: MR = P (η τιμή είναι δεδομένη).

- Συνθήκη μεγιστοποίησης κέρδους (βραχυχρόνια):
 P = MC(q*) με MC αυξανόμενη στο q* (δηλ. MC'(q*) > 0).

- Κριτήριο συνέχισης λειτουργίας (shutdown rule):
 - Αν P ≥ min AVC ⇒ η επιχείρηση συνεχίζει να παράγει και επιλέγει q* όπου P = MC.
 - Αν P < min AVC ⇒ διακόπτει παραγωγή (q = 0), διότι δεν καλύπτει τα μεταβλητά της κόστη (TVC).
",0.7672603130340576,0.7470560073852539,0.7885879874229431
