id,generated_answer,correct_answer
1032ffu,Η σωστή απάντηση είναι η επιλογή Β.,Β
