id,generated_answer,correct_answer
mtv1q5,Β.,Γ
