id,generated_answer,correct_answer
1685,"Η σωστή απάντηση είναι η **Δ. ""Κανένα από τα παραπάνω""**.

Αιτιολόγηση:
- Το θύμωμα, αν και βρίσκεται στο μεσοθωράκιο, εντοπίζεται κυρίως στην πρόσθια μεσολόβιο περιοχή και όχι αποκλειστικά στο οπίσθιο.
- Οι μεσοθηλιακές και πλευροπερικαρδιακές κύστεις είναι συνήθως καλοήθεις αλλοιώσεις και όχι χαρακτηριστικοί όγκοι της συγκεκριμένης ανατομικής περιοχής με αυτή την αποκλειστική εντόπιση.
- Υπάρχουν νευρογενείς όγκοι στο μεσοθωράκιο, αλλά η αναφορά είναι πολύ γενική για να είναι αποκλειστική της οπίσθιας περιοχής.
  

Στο οπίσθιο μεσοθωράκιο εντοπίζονται κυρίως νευρογενείς όγκοι (όπως το νευροβλάστωμα και το γαγγλιονεύρωμα) που προέρχονται από υπολείμματα των αρχέγονων νευρικών κρημνών, ωστόσο η απάντηση ""κανένα από τα παραπάνω"" είναι η πιο ακριβής καθώς δεν υπάρχει μία αποκλειστικά χαρακτηριστική περίπτωση από τις δοθείσες που να εντοπίζεται κατ' αποκλειστικότητα στο οπίσθιο μεσοθωράκιο χωρίς τις άλλες προϋποθέσεις.",Γ
