id,generated_answer,correct_answer
25,"Η σωστή απάντηση είναι η Γ: ""Άγνωστο."".",Β
