id,generated_answer,correct_answer
668,Δ.,Α
