id,generated_answer,correct_answer
1Γ-2025-20250621-2-3,"Γ. ""Λειτουργία της Κεντρικής Δημόσιας Διοίκησης οφείλει να κατατείνει στην εκπλήρωση της αποστολής της με τη χρήση των λιγότερων, κατά το δυνατόν, πόρων""",Γ
