id,generated_answer,correct_answer
1280,"Β
",Β
