id,generated_answer,correct_answer
2063,"Γ
",Γ
