id,generated_answer,correct_answer
2990,Α.,Α
