id,generated_answer,correct_answer
3439,"Β. ""Λάθος""

**Εξήγηση:**

Το κείμενο αναφέρει ότι τα κατοικίδια μας μας διδάσκουν να ζούμε στο παρόν, αλλά όχι ότι πρέπει να σκεφτόμαστε *μόνο* το παρόν για να είμαστε ευτυχισμένοι. Αντίθετα, τονίζει ότι η εστίαση στο παρόν, σε συνδυασμό με την ξεκούραση και την άσκηση, συμβάλλ زمن στην ευτυχία και την ποιότητα ζωής. Η πρόταση ""να σκεφτόμαστε μόνο το παρόν"" είναι μια υπερβολή και δεν αποτυπώνει την πλήρη σημασία των μαθημάτων που δίνουν τα κατοικίδια.
",Α
