id,generated_answer,correct_answer
617,Α,Α
