id,generated_answer,correct_answer
243,"Γ. ""Όλοι οι άνθρωποι που ανήκουν στην γενιά Υ γεννήθηκαν μεταξύ των αρχών της δεκαετίας του 1980 και των μέσων της δεκαετίας του 1990.""",Γ
