id,generated_answer,correct_answer
389,"Η σωστή απάντηση είναι:

**Β. ""Ήταν αδύνατο για τους ιππότες με πλήρη πανοπλία να ανεβούν στα άλογά τους χωρίς βοήθεια.""**

Οι ιππότες φορούσαν πολύ βαριά πανοπλία, η οποία τους καθιστούσε δύσκολο να ανέβουν στα άλογά τους μόνοι τους. Συνήθως χρειαζόταν η βοήθεια ενός άλλου ατόμου ή η χρήση ειδικών συσκευών, όπως ένα μικρό ράφι (stirrup) για να στηριχτούν.",Α
