id,generated_answer,correct_answer
1Γ-2025-20250621-3-6,Γ,Γ
