id,generated_answer,correct_answer
1Γ-2025-20250527-7-16,Β,Β
