id,generated_answer,correct_answer
1Γ-2025-20250527-5-24,"Η σωστή απάντηση είναι η **Γ: ""Την αυξημένη προθυμία και ικανότητα για μάθηση και αποτελεσματική χρήση της αποκτηθείσας γνώσης προς όφελος της υπηρεσίας""**

Η διαχείριση της γνώσης (knowledge management) ως δεξιότητα στο Ενιαίο Πλαίσιο Δεξιοτήτων εστιάζει στην αποτελεσματική αξιοποίηση και χρήση της γνώσης. Περιλαμβάνει την προθυμία για μάθηση, την ικανότητα απόκτησης γνώσης και τη χρησιμοποίησή της για τη βελτίωση της απόδοσης στην εργασία, προς όφελος του οργανισμού.",Γ
