id,generated_answer,correct_answer
1Γ-2025-20250609-3-10,"Η σωστή απάντηση είναι η **Β. ""Αποκλειστικής αρμοδιότητας της Ευρωπαϊκής Ένωσης""**.

Η οικονομική πολιτική, όπως και άλλοι τομείς που αναφέρονται στις συνθήκες της ΕΕ (π.χ. τελωνειακή ένωση, εμπορική πολιτική υπό ορισμένες προϋποθέσεις, γεωργία υπό προϋποθέσεις), αποτελεί έναν από τους τομείς στους οποίους η ΕΕ έχει αποκλειστική αρμοδιότητα. Αυτό σημαίνει ότι τα κράτη μέλη δεν μπορούν να νομοθετήσουν μόνοι τους σε αυτούς τους τομείς, και η νομοθετική πρωτοβουλία ανήκει αποκλειστικά στην Ευρωπαϊκή Επιτροπή και το Ευρωπαϊκό Κοινοβούλιο (όταν πρόκειται για νομοθετικές πράξεις).

Οι άλλες επιλογές αναφέρονται σε διαφορετικούς τύπους αρμοδιοτήτων στην ΕΕ:
- Αποκλειστικής εθνικής αρμοδιότητας: τομείς που ανήκουν αποκλειστικά στην αρμοδιότητα των κρατών μελών
- Συντρέχουσας αρμοδιότητας: τομείς που μοιράζονται ΕΕ και κράτη μέλη
- Εθνικής αρμοδιότητας με συντονιστική δράση ΕΕ: τομείς εθνικής αρμοδιότητας όπου η ΕΕ αναπτύσσει δράσεις συντονισμού, αλλά δεν έχει αποκλειστική εξουσία",Δ
