id,generated_answer,correct_answer
1004,"Γ. ""Λάθος""",Β
