id,generated_answer,correct_answer
286,"Γ. ""9 Σεπτεμβρίου""",Β
