id,generated_answer,correct_answer
3498,"Α. ""Σωστό""",Β
