id,generated_answer,correct_answer
1020,Α,Α
