id,generated_answer,correct_answer
1688,Β,Δ
