id,generated_answer,correct_answer
3039,Γ,Γ
