id,generated_answer,correct_answer
41,Β,Γ
