id,generated_answer,correct_answer
635,"Η σωστή απάντηση είναι το γράμμα **Ζ**.

Η αϋπνία είναι μια διαταραχή ύπνου που επηρεάζει σημαντικά την ποιότητα ζωής των ασθενών. Παρότι υπάρχουν διάφορες θεραπευτικές προσεγγίσεις, όπως η γνωσιακή συμπεριφορική θεραπεία (CBT) (επιλογή Ε), τα υπνωτικά χάπια (επιλογή Γ) και άλλες μεθόδους, η επιστημονική κοινότητα συμφωνεί ότι δεν υπάρχει μία καθολική θεραπεία που να λειτουργεί πάντα για όλους τους ασθενείς με αϋπνία. Η επιλογή Ζ αντικατοπτρίζει με ακρίβεια αυτή την πραγματικότητα στην ιατρική.",Ζ
