id,generated_answer,correct_answer
215,Β,Α
