id,generated_answer,correct_answer
1e6853h,"Η καλύτερη απάντηση, που παρέχει την πιο ολοκληρωμένη και ασφαλή συμβουλή, είναι η **Δ**.

Οι λόγοι είναι οι εξής:
- Παρέχει τεκμηριωμένες πληροφορίες για τους κινδύνους (ρεύματα, κύματα, αφυδάτωση, σκάφη)
- Αναφέρει πρακτικές συμβουλές ασφαλείας
- Τονίζει τη σημασία του σεβασμού στη θάλασσα παρά την εμπειρία
- Προτείνει συγκεκριμένα μέτρα προφύλαξης αντί να επικεντρώνεται μόνο στους κανονισμούς

Οι άλλες απαντήσεις, ενώ περιέχουν χρήσιμες πληροφορίες, είναι πιο αποσπασματικές και δεν προσφέρουν ένα ολοκληρωμένο πλαίσιο ασφαλούς κολύμβησης σε ανοιχτά νερά.",Δ
