id,generated_answer,correct_answer
21,Γ,Α
