id,generated_answer,correct_answer
2754,Γ,Γ
