id,generated_answer,correct_answer
3215,Α,Α
