id,generated_answer,correct_answer
1Γ-2025-20250621-7-33,"Γ
",Β
