id,generated_answer,correct_answer
141,"Δ. ""Γιατί συνοδευόταν από το μουσικό όργανο λύρα""",Δ
