id,generated_answer,correct_answer
1957,"Α. ""τρομακτικός""",Α
