id,generated_answer,correct_answer
877,"Γ. ""Ξακουστές πολεμίστριες""",Γ
