id,generated_answer,correct_answer
1Γ-2025-20250609-2-3,Β,Β
