id,generated_answer,correct_answer
203,"Β. ""από πανί.""",Β
