id,generated_answer,correct_answer
1508,"Γ. ""έπλυνε""",Γ
