id,generated_answer,correct_answer
3021,"Β. ""Λάθος""",Α
