id,generated_answer,correct_answer
423,"Β. ""Από τον Αμβρακικό κόλπο μέχρι τον Παγασητικό κόλπο""",Α
