id,generated_answer,correct_answer
164,Δ,Γ
