id,generated_answer,correct_answer
3472,Β,Β
