id,generated_answer,correct_answer
206,Α,Α
